5595
7556
10364
11886
6865
4970
13856
6858
16232
10958
14602
7388
7643
3506
16650
9029
8284
9663
7373
13172
9822
3431
6848
2160
13576
2631
5491
17296
13933
18344
8018
7705
11332
9399
6785
15876
17826
11077
15539
5617
2722
15881
18787
9020
7943
7756
8533
3788
5949
8903
6197
8936
10981
9454
8710
4520
10585
8581
14514
8638
6265
2787
9432
17334
18035
10582
13102
9800
11444
8776
9014
12127
8977
7123
8440
14018
15139
6958
9631
16702
8704
10780
3232
8124
8871
15296
13793
8743
1858
15278
11051
8510
10387
14882
11331
6431
11592
13158
5375
5076
14396
15095
17846
16865
14876
8742
17070
1497
13976
3465
2114
15047
8503
14052
10332
8223
16894
4168
13082
16364
10715
6434
6101
15006
5141
9408
8710
681
11000
8101
14911
15988
11082
16152
8751
8053
8274
10446
14130
8091
15218
8204
7669
6020
15984
2457
4735
12912
9714
15322
17275
12977
13132
9595
9725
7746
14102
3591
11256
5714
8633
17381
11611
11240
6555
10744
5449
9128
7987
7506
11983
10410
15518
8178
3514
1363
2792
18498
9639
2457
1028
6272
17209
5869
5227
8208
8565
7742
9636
13085
3056
10315
13139
17574
14419
7481
6920
11097
12071
8894
9758
11573
6652
13194
675
9887
3794
9470
18284
5739
4680
10106
12295
16645
11084
9421
11615
9890
3911
6286
5997
5240
6502
9779
8162
6326
8367
6292
12288
8798
5776
1640
14761
9608
17752
12220
4410
5986
9769
19023
9768
14938
7635
5800
11344
7456
9561
14185
9897
10858
9038
6217
8974
15195
14798
7349
15189
2443
4881
14204
5295
12618
14441
15125
7392
9448
4632
10441
15823
10964
5571
10782
9028
9245
6632
10497
12293
13662
11774
9597
12288
8362
14735
9211
6896
5707
10956
15467
9112
6832
9904
4739
11045
15469
13364
9706
5650
13742
18954
7042
9821
15399
14139
9693
17749
6009
4473
12904
14245
9306
8941
10067
4831
13657
3342
9132
4389
12279
4608
16782
9686
7160
8152
8865
8580
2719
5882
15559
16863
9893
6571
10576
11139
8730
10011
8927
11617
8723
9951
3814
6810
10233
5300
16714
7248
8171
8904
9935
2247
7400
6130
11640
12867
6904
13010
9211
4805
18672
14509
9281
5008
6109
5368
5795
8126
6835
10187
18522
9226
2772
14687
2660
5693
12126
9691
6583
12589
10972
13051
11538
4012
3033
8395
7079
12445
5284
5314
12644
18015
5887
11703
10344
5630
3534
9142
7206
12477
8315
2849
10331
7748
5993
9890
6953
9905
8705
3894
15052
9878
10195
13621
8134
11701
3773
9150
9501
15263
15262
12194
10672
17931
11015
9442
5397
9167
9831
5525
16408
8862
19518
9965
9152
11140
5841
6588
6447
6476
7566
15157
11139
6242
11759
9596
10208
15401
7349
7134
6092
12982
5989
7010
8840
6183
8279
6324
5043
8452
10511
4780
15602
4788
4267
6094
10217
6802
17645
8441
8739
3503
10761
14624
11885
17445
10128
10841
3436
10820
10880
7557
8476
14765
4870
5463
6061
15473
7808
14365
15872
9656
8227
10769
16816
12577
11477
18147
18700
14484
4395
5961
15644
13716
19547
7235
14409
3305
13657
17775
8858
12859
8687
10932
14304
14516
17351
5306
14955
6959
10464
7415
15198
6942
6635
14787
13162
6605
14697
11139
2878
1995
17730
8010
4980
7170
18110
10099
12167
10933
12922
12800
7554
12838
8130
6215
12930
5303
9373
9035
6725
9201
9110
5556
5640
11878
13022
8981
8485
11028
7280
8678
11166
9387
4114
7390
6340
13361
8650
12798
12568
11217
16854
7661
6609
5189
7174
9185
4558
16772
8666
5993
13312
2899
9415
6373
4205
1961
17821
16667
14261
4976
2837
3984
8164
13586
12721
8378
4432
8202
4018
7639
16505
14364
16899
13019
4868
9094
9198
10098
15917
10952
7790
9425
9997
13768
8520
1321
5715
7233
12335
17605
12757
10679
11730
12370
7931
7797
6760
13348
19039
10004
6438
12172
11982
8815
17174
10435
6677
8472
6385
9647
4787
3457
5518
9786
13632
17320
1031
8295
8289
8480
3545
16504
7332
8864
15094
17659
3657
8731
15912
8277
4864
9434
17897
9054
6794
4665
1637
7494
9308
9325
5541
7643
16605
8710
11851
3383
10922
4948
9743
4321
9490
10436
7393
11688
7553
13076
14183
11239
15038
3056
10899
4027
12235
11770
15877
2549
10873
5988
12611
8726
13403