3
10 4
7 9 7 1 5 2 6 10 6 4 
4 17 89 7 29 79 52 15 10 5 
1 74 2 7 93 74 13 56 3 57 
3 41 31 8 15 74 2 99 2 100 
5 67 39 8 46 67 25 71 6 13 
9 9
10 7 3 5 2 9 1 8 3 
5 40 94 6 3 12 62 71 7 
10 87 69 5 3 87 16 37 5 
54 74 12 7 10 63 50 34 9 
39 13 48 2 1 36 5 90 2 
80 96 16 7 5 23 65 27 3 
31 6 68 7 7 73 88 4 5 
70 6 39 4 9 84 67 4 10 
17 67 87 8 2 81 77 31 6 
12 92 33 7 2 35 17 59 8 
6 8
9 1 4 1 4 4 
46 84 93 69 9 75 
78 4 76 3 10 18 
87 52 96 61 4 69 
62 87 61 83 6 45 
90 18 70 65 4 14 
29 87 82 28 8 80 
32 35 87 30 1 60 
80 31 14 89 1 73 
