637846395
1886796697
2694685059
1263915309
1638241667
2599587704
38453229
2475842564
1341572962
1351794646
144131105
2633094409
2602909863
2889500610
3274761831
1185821967
3260449244
3279366144
1554461113
2656157073
2186096301
1457893730
322315383
1612886905
2194317490
1164180863
2323660263
1665048128
1494099244
1750435284
2824702260
2539586873
3014051334
3105172131
2097691779
2167091744
1534679794
1679694763
322308179
471438691
260923967
1536135291
2550768467
2381743846
1479853134
601125662
359282244
2338587603
328802560
657467366
626442328
2838381963
1715185865
1943070339
45818726
1396054285
1785018092
3213309212
2925507104
388548699
3064668358
211710633
3294881576
3036985447
151641260
1589796831
900438796
3030086150
1383281253
535444427
427831259
925711887
647744446
3078020186
1225999238
509711856
2736413364
982980890
1386491562
2353679328
500790350
3231299101
3108325760
98362515
1314960640
2894570508
1553921719
941013179
2706141794
3028905293
3141129730
669339426
3253638800
1218785056
2748593783
3082237911
2223217651
2098306564
3138898315
1835411001
1148442273
247180331
3001045835
3114641809
3313960367
3179687591
1442623383
1016838448
1570270807
1950944120
2309240279
743560155
857956654
1052635976
1641614519
1178402643
2667842616
1507226153
146149723
2291321108
3258347900
2728102682
3134986233
405836747
244746370
2322928660
2613351814
1517666210
2384552097
1438542870
2525013290
409940807
752244857
914687195
1744311401
465932277
2134726513
1793842934
985877001
1421761298
2666276415
1156560683
985320119
89725518
2613189902
352760648
2098840823
2342266166
2377934723
2422920030
583710373
3113261667
58148860
2041768044
142449728
863410225
525758651
3312167319
2439243161
2639179890
795836716
787515287
1559761001
136384106
3006718490
1169444017
3118320485
2541022742
1430454686
617503958
1469437926
2799221489
119000872
2600866310
444052590
3192448881
1671536070
290430505
1673174159
3255999332
2251612284
2756371222
2335794847
2654049390
2915385762
373929139
1289690482
3004771933
1047040906
979424109
867593498
2119987550
3098502450
1113544112
499144213
699479972
3268310133
737628521
1349726668
3169566066
40761982
105488700
752759972
452986939
1219598689
3159136128
1542838995
785594368
1596938550
2579626063
1744231393
828967486
947601167
3333034960
1894919285
2992484033
882755104
1557706133
2592401749
7541400
2886569990
2150565948
705912871
1608178197
2659627543
2080077003
901052765
1725482612
1082789611
1642526077
2334491983
357289776
1323169150
2454231838
1348221925
3326695992
1668780687
2457477191
2557780768
1201274081
3011891517
963272687
1520203794
1015326018
295966958
1556810046
679846962
682432567
1442138230
326625809
3081092073
2866195586
1879713399
828813261
3109276089
3075945944
3162593811
112620320
1181444574
2956926530
1234703186
425142518
1785120490
2545267067
3314747889
2716238449
1096992024
1443725579
498219549
615736080
1636077637
2871816994
1290152865
506347804
2491671531
1425761916
1905011705
68114796
1273515314
2212289227
2505842782
2705878170
2291465120
1962424665
1509992768
2045088603
2175654525
2645475186
3134088723
1967650993
679633151
1924903643
2613448699
2391670904
3275115596
658690261
1421326182
711780299
808451736
1426238166
1445597121
228899621
1382344671
2536207983
1196113784
1101318514
2494381537
708873321
2697351281
1390471615
1030997602
1789063984
1586671519
2578383053
320772135
82635745
742471360
3132168828
2552592365
1521514254
1712809041
627125530
512094732
209346266
1182555662
393899795
1277558679
1450521697
3269322373
1239964231
345551542
924679780
2793425437
3321851574
1358026803
2180479082
3066075764
727720302
1423401872
2742556886
1099984996
1541023397
175000332
2681669270
422216238
1259691899
1034907665
2507184216
2287176710
3177868378
1248344250
735729898
3218232099
1025881564
868814639
510705881
810334103
6476664
2456951764
707802609
2806164873
1195501136
522089994
1267857395
2681243832
2102856327
2846389583
2320282020
412136832
440277459
2199275764
1846577270
3065270412
2651668567
164106904
697766612
622973365
2153462851
1540839962
2117757620
3121603577
901220309
1887452400
1394257337
275104865
2148076416
1409706260
61264657
1035720929
2302943458
2375501617
2250795351
523526902
2749567178
2948749365
1534234735
1720888153
557967900
351957602
1009564104
3266970959
722234667
472550848
2976878140
852420846
1386257829
1540245345
432773451
733666766
43077293
178021139
2007762105
1309418465
1615087350
1327515404
135883095
2453070789
2028128028
34650034
882779700
2003943819
105856134
2053894859
2277638475
1095337067
1276937876
79185332
886195578
2712797815
2770403913
110061708
3183991460
3228427812
2738932431
1901222457
152162745
2798199267
1656794171
555175244
3316732817
265784049
975616524
614644454
1322705332
1461294717
365432734
3004983008
936068223
1311514011
1966024090
2369987040
3226241975
2765695454
2042933791
3076629645
2005392181
1889475458
1290862034
2967786394
545656844
791617704
1610392444
2354613863
65851302
1239144887
1393740176
1910895642
3098725880
1541777451
1412225965
620527275
2198681628
1217905967
3281239300
1852813711
689770886
2405245495
1228670763
2888861098
3274146570
2000010465
592390499
595598750
1707297914
2811492778
3276686343
1023475
1142112931
697676900
288996519
963717531
864155937
1812948011
1032287708
111922071
2082275312
2617839587
2583663007
2749765573
1866362204
2022936082
2088955250
2123783502
242306563
1825224130
2277572771
3245460531
2980030288
1832151637
3215473039
2755761418
1100393563
906006743
1193790092
1069991132
1913472733
2613967504
2635407989
3101196970
2136280616
1210549374
1264623941
1674859735
308400544
1136858189
1887289052
2022652737
361431545
3237917278
1389390513
3326127759
80018128
520133532
1388308179
1525536417
2370604805
1077269424
332237459
510011422
3285816524
2590492799
971106397
1124621364
1203875036
2917061934
692705183
1877879185
540309570
2241846615
435536382
1999153431
1944314003
2447207705
2441665165
122968089
1463983086
2390747363
2792430301
723626663
1033649260
522312382
2731963851
1698166043
1911055019
2843410069
2392706550
28345941
467517540
1847725391
776053305
2788700184
2916038685
1754059647
2859548793
1011427709
2602948137
149152162
1815162564
2061765622
300088711
2986339738
2389972497
2232741469
1498232163
1996161103
2425281956
874467801
1619761653
2847514946
668228059
513582467
2630409930
1049866676
1409529018
615126975
1303256972
714515871
1790247934
279223634
189971766
112091845
464129116
2900600746
2101133050
2936814151
2345311967
2393877097
941897096
2888034113
1826703076
1056348434
2713972499
1831896361
808231435
3158857919
1438827843
1464936192
2990883126
2118260895
2631023712
3212865780
172658058
810111952
2953226373
1828968981
3226581169
2226535720
2118538996
2183236360
978752613
1295487198
758750215
597164468
862740413
2501716418
1461716870
2519008610
2488942288
3067849995
1604003757
1800232204
2012111821
1565940164
313118687
1262556593
2960827442
876901330
1449334904
588779809
2609098645
1555679641
2501627563
1162613382
2254038964
423703954
2886164196
2162211945
1331210613
867377871
1665225052
1680672707
860350255
1149106480
984542890
1011021188
2041654041
111824286
2799058282
885566505
3128947475
2678455402
1902874709
2624321943
247132132
3304134267
2042790087
593649273
1399471230
271468680
456660251
2548685856
471806807
380806515
1699914028
560941712
2101064917
2431293209
2973920533
2801671798
3072540438
1762961537
3263442009
1785760303
1064033998
1610583090
3288133499
2427726420
382972026
1310137664
150303628